1110001111100101000100101000100101001011010110100100010101110111101101100100100010010100001111010001111101110010100110011101111011101011100010010101111011011000110000101110001011001100000000000110111011011101100100010100110100011000101001010111111110011000
1100110101010000111100110011010110001100000000110001100010111101101011101011100100011101010111100000010110011100110011111101011010001010010111000110101101101101111011100011101110111110010111011111100101011001100101110101010110001000011101111001101110011111
0110110010001111111011111011001111111110110001111001110000010101101101000110010010110010100110000010000011110011000001001100011110110001011000110010110010101101110110011111011101100110001110100011101100100011111000100011111100011100100010010111011001000111
1110100101101110110101011111100010111001111111010001110111000101010011000100110101100111111100111101100010100100110101101010101010001111101110011101111001010111001010011100111010001110010000110110010010001011011111100100000111011011011111111101000110000100
1100101010101110010011111011101100100100111110100011111011001011010001101110100100001001110101111000111101010111010110110100101101011011001011011110011000010010000100100110101100010000010010010111000100011010000011111100011100011101001110100000001110100000
0011000101110111011011001110110110110100001000101001011111100110000000000111100110001011111011000110000000100110111000111011101010100110100011100001110100010011011010110100010011110100110101101110110101101101011011000111010110101110110111011101110010000101
1101010010110011111000010100101001010101000100000110010011010100101110011101001001010101011110111100101110010010111001101001111110001010110010010010001011010000110001000110100010100011010011111011110100001010111111001110000111110011010101111010001100101101
1000011000111010111001001110010111110100000100100110110100110000010100000111101111110001100010010101111111111101110101001100101010011101011000101011000000101110000100100110111011010010110110001011010100000110010010111000101101000110010111011000011101111000
1100001110001000101001000100101000000101100000110010010010000110101111110011000100101111001011011001011000000010010110100111001110110100110010001100101000110000101100011011000011010010100011110101111011111011000111000110010110000111000111100101111000000001
1000110001001010110111001101111010100110011110011000001000000001111011001101110010000100111100111000100000100111011000111100101110100101101000101101011011100100010000110110111000110010011010101011011010010100001101011100100010111100001011101010110111001001
0000110010111000100000100110110110001110011010101101001010101011110000101110010110101100100110000101100010101110111011010101101110011011101111101100011110000101010111111100111011000111000101000001001010111001101111111111110001000000011010010010110000000010
1001101000001001011111000110100001010100011001100010000101011111100110001110011110100011000111001111000111000001110110101000101010000110101000100111101100100101110010100011000111111111011001010101110110011100101101101111111011010100000010100111110001001100
1100110001001111100110000110110001011110111110100001000110011010100001001001101001110111110111011000011000100100000111011111000110011001010000100110000110111100011011100101000000001000111001101110010110101011101110011111110111111101000110010101100001000111
1010110110001010011100110010001101000011001011111101100001000011011111101101001100010101110011110100110111110111111011011111111011111101110101000010000101000111011000001110000101101111010001011100010011011011000000101101010011100001100101101010101001110011
1100101101010100100111010100001011001010110111111011100101010111010101010110111010001010000000000001100011000110001111000101010011011000111001100110000011100101001000111100011010110001011100111001110000100000000000010110101001010000011100010100001000011111
1101000000101110011110011100101110000101010101101011110001101000011001011100011001000000101100101010001111010010100010101000011010000011111111111000100111011101011101111100011101000011000110010110111010101111111000111101101000110000100000010111110001101001