0000010000000000000000100000010001000010000001001000100000000000000000000000000000000000000000000000000000000000010000000000000000000000000000000000000000000000000000000000000001000000010000010111000110010100000001000000000000011001001100101000010100010000
0000010000000000000000000000001000000010000001010000000000001000000010000000000110000000000000000000000001000000000100000000000000000010100000000000000000000000001100000000000001000000000000010111000110010100001001000100000100011001001100111110010100010000
0000010000000000000000000000010001000010000001010000101000011000010011001000000101000000100000000010001000000000010000010000000000000010000000000100000000001100101100000000000001000000000000010111000110010100010001000100100000011001001100111100010100110000
0001010000000100101000000000001000000110001001010000000000001000010010010000000110000001000000010000000101100000000100000000000010000010100000000100000000000000001100000100000001000000010000010101000010000101000001000000000100011001001000101000010000010000
0000010000000000000000000000010001000010100001010000101000001000010110000000000100000000000000000000000010010000010000110000000000100010000000000100000000000001001100000000000001000000000000010101000110010100001001000000000001011000001100101000010000110001
0000010000000000000000000000001000000010000001010000000000011000010010001010000111000000000000000000000001100000000100000000000100000010100000000100000000001000101100000000000001000000000000010111000010000100010000000100100100011000001100111110010000010000
0000010000000100101000000000010001000010001001010000101000001000010011000000000100000001100000010010001000000000010000010000000000000010000000000100000000000100001100000000000001000000010000010111000110010100001001000000000000011001001100111100010100110000
0001010000000000000000000000001000000010000001010000000000001000010010010000000110000000000000000000000001100000000100000000000010000010100000000100000000000000001100000100000001000000000000010111000110010101001001000100000100011001001100101100010100010001
0000010000000000000000000000010001000110000001010000101000011000010110001000000101000000000000000000000110000000010000110000000000100010000000000100000000001000101100000000000001000000000000010101000110010100010000000000100001001000001100111000010000110000
0000010000000100101000000000001000000010101001010000000000001000010010000000000110000001000000010000000001100000000100000000000000000010100000000100000000000000001100000000000001000000010000010111000110010100000001000000000100011000001100111110010100010000
0000010000000000000000000000010001000010000001010000101000001000010011000010000100000000100000000010001000010000010000010000000100000010000000000100000000000101001100000000000001000000000000010101000010000110000000000100000000001000001100101000010000110000
0001010000000000000000000000001000000010000001010000000000011000010010011000000111000000000000000000000001100000000100000000000010000010100000000100000000001000101100000100000001000000000000010111000110010101010000000000100100001000001100101100010000010000
0000010000000100101000000000010001000010001001010000101000001000010110000000000100000001000000010000000010000000010000110000000000100010000000000100000000000000001100000000000001000000010000010101000010010100000001000000000001001001001000111000010000110001
0000010000000000000000000000001000000110000001010000000000001000010010000000000110000000000000000000000101100000000100000000000000000010100000000100000000000000001100000000000001000000000000010111000110010100001001000100000100011000001100111110010000010000
0000010000000000000000000000010001000010100001010000101000011000010011001000000101000000100000000010001000000000010000010000000000000010000000000100000000001100101100000000000001000000000000010111000110010100010001000100100000011001001100111000010100110000
0001010000000100101000000000001000000010001001010000000000001000010010010010000110000001000000010000000001100000000100000000000110000010100000000100000000000000001100000100000001000000010000010111000110010101000000000000000100001000001100111100010000010001